0,0,0,0,8,8,8,8,-2.41, -2.46, -1.30, -1.02, 	  0.03,   0.00,   0.00,  -0.03, 	0.20, 0.20, 0.20, 0.20, 	0,	0, 0, 0.66,0.78, 0.00,0.00, 1.02
0,0,0,0,8,8,8,8,-2.41, -2.46, -1.30, -1.02, 	  0.02,   0.00,   0.00,   0.03, 	0.20, 0.20, 0.20, 0.20, 	0,	0, 0, 0.66,0.78, 0.00,0.00, 1.02
0,0,0,0,8,8,8,8,-2.41, -2.46, -1.30, -1.02, 	  0.06,   0.00,   0.00,  -0.03, 	0.20, 0.20, 0.20, 0.20, 	0,	0, 0, 0.66,0.78, 0.00,0.00, 1.02
0,0,0,0,8,8,8,8,-2.41, -2.46, -1.30, -1.02, 	 -0.05,   0.00,   0.00,   0.03, 	0.20, 0.20, 0.20, 0.20, 	0,	0, 0, 0.66,0.78, 0.00,0.00, 1.02
0,0,0,0,8,8,8,8,-2.41, -2.46, -1.30, -1.02, 	 -0.05,   0.00,   0.00,   0.00, 	0.20, 0.20, 0.20, 0.20, 	0,	0, 0, 0.66,0.78, 0.00,0.00, 1.02
0,0,0,0,8,8,8,8,-2.41, -2.46, -1.30, -1.02, 	  0.00,   0.00,   0.00,  -0.02, 	0.20, 0.20, 0.20, 0.20, 	0,	0, 0, 0.66,0.78, 0.00,0.00, 1.02
0,0,0,0,8,8,8,8,-2.41, -2.46, -1.30, -1.02, 	  0.02,   0.00,   0.00,   0.00, 	0.20, 0.20, 0.20, 0.20, 	0,	0, 0, 0.66,0.78, 0.00,0.00, 1.02
0,0,0,0,8,8,8,8,-2.41, -2.46, -1.30, -1.02, 	  0.02,   0.00,   0.00,   0.00, 	0.20, 0.20, 0.20, 0.20, 	0,	0, 0, 0.66,0.78, 0.00,0.00, 1.02
0,0,0,0,8,8,8,8,-2.41, -2.46, -1.30, -1.02, 	  0.03,   0.00,   0.00,   0.00, 	0.20, 0.20, 0.20, 0.20, 	0,	0, 0, 0.66,0.78, 0.00,0.00, 1.02
0,0,0,0,8,8,8,8,-2.41, -2.46, -1.30, -1.02, 	 -0.05,   0.00,   0.00,   0.02, 	0.20, 0.20, 0.20, 0.20, 	0,	0, 0, 0.66,0.78, 0.00,0.00, 1.02
0,0,0,0,8,8,8,8,-2.41, -2.46, -1.30, -1.02, 	  0.00,   0.00,   0.00,   0.00, 	0.20, 0.20, 0.20, 0.20, 	0,	0, 0, 0.66,0.78, 0.00,0.00, 1.02
0,0,0,0,8,8,8,8,-2.41, -2.46, -1.30, -1.02, 	  0.00,   0.00,   0.00,   0.00, 	0.20, 0.20, 0.20, 0.20, 	0,	0, 0, 0.66,0.78, 0.00,0.00, 1.02
0,0,0,0,8,8,8,8,-2.41, -2.46, -1.30, -1.02, 	  0.05,   0.00,   0.00,  -0.03, 	0.20, 0.20, 0.20, 0.20, 	0,	0, 0, 0.66,0.78, 0.00,0.00, 1.02
0,0,0,0,8,8,8,8,-2.41, -2.46, -1.30, -1.02, 	  0.00,   0.00,   0.00,   0.00, 	0.20, 0.20, 0.20, 0.20, 	0,	0, 0, 0.66,0.78, 0.00,0.00, 1.02
0,0,0,0,8,8,8,8,-2.41, -2.46, -1.30, -1.02, 	  0.00,   0.00,   0.00,  -0.02, 	0.20, 0.20, 0.20, 0.20, 	0,	0, 0, 0.66,0.78, 0.00,0.00, 1.02
0,0,0,0,8,8,8,8,-2.41, -2.46, -1.30, -1.02, 	 -0.02,   0.00,   0.00,   0.00, 	0.20, 0.20, 0.20, 0.20, 	0,	0, 0, 0.66,0.78, 0.00,0.00, 1.02
0,0,0,0,8,8,8,8,-2.41, -2.46, -1.30, -1.02, 	 -0.02,   0.00,   0.00,   0.00, 	0.20, 0.20, 0.20, 0.20, 	0,	0, 0, 0.66,0.78, 0.00,0.00, 1.02
0,0,0,0,8,8,8,8,-2.41, -2.46, -1.30, -1.02, 	  0.00,   0.00,   0.00,  -0.05, 	0.20, 0.20, 0.20, 0.20, 	0,	0, 0, 0.66,0.78, 0.00,0.00, 1.02
0,0,0,0,8,8,8,8,-2.41, -2.46, -1.30, -1.02, 	  0.03,   0.00,   0.00,  -0.02, 	0.20, 0.20, 0.20, 0.20, 	0,	0, 0, 0.66,0.78, 0.00,0.00, 1.02
0,0,0,0,8,8,8,8,-2.41, -2.46, -1.30, -1.02, 	  0.02,   0.00,   0.00,   0.02, 	0.20, 0.20, 0.20, 0.20, 	0,	0, 0, 0.66,0.78, 0.00,0.00, 1.02
0,0,0,0,8,8,8,8,-2.41, -2.46, -1.30, -1.02, 	  0.00,   0.00,   0.00,  -0.06, 	0.20, 0.20, 0.20, 0.20, 	0,	0, 0, 0.66,0.78, 0.00,0.00, 1.02
0,0,0,0,8,8,8,8,-2.41, -2.46, -1.30, -1.02, 	 -0.06,   0.00,   0.00,   0.00, 	0.20, 0.20, 0.20, 0.20, 	0,	0, 0, 0.66,0.78, 0.00,0.00, 1.02
0,0,0,0,8,8,8,8,-2.41, -2.46, -1.30, -1.02, 	  0.00,   0.00,   0.00,   0.00, 	0.20, 0.20, 0.20, 0.20, 	0,	0, 0, 0.66,0.78, 0.00,0.00, 1.02
0,0,0,0,8,8,8,8,-2.41, -2.46, -1.30, -1.02, 	 -0.02,   0.00,   0.00,   0.00, 	0.20, 0.20, 0.20, 0.20, 	0,	0, 0, 0.66,0.78, 0.00,0.00, 1.02
0,0,0,0,8,8,8,8,-2.41, -2.46, -1.30, -1.02, 	  0.00,   0.00,   0.00,  -0.02, 	0.20, 0.20, 0.20, 0.20, 	0,	0, 0, 0.66,0.78, 0.00,0.00, 1.02
0,0,0,0,8,8,8,8,-2.41, -2.46, -1.30, -1.02, 	 -0.05,   0.00,   0.00,   0.00, 	0.20, 0.20, 0.20, 0.20, 	0,	0, 0, 0.66,0.78, 0.00,0.00, 1.02
0,0,0,0,8,8,8,8,-2.41, -2.46, -1.30, -1.02, 	  0.03,   0.00,   0.00,   0.00, 	0.20, 0.20, 0.20, 0.20, 	0,	0, 0, 0.66,0.78, 0.00,0.00, 1.02
0,0,0,0,8,8,8,8,-2.41, -2.46, -1.30, -1.02, 	 -0.02,   0.00,   0.00,   0.00, 	0.20, 0.20, 0.20, 0.20, 	0,	0, 0, 0.66,0.78, 0.00,0.00, 1.02
0,0,0,0,8,8,8,8,-2.41, -2.46, -1.30, -1.02, 	 -0.03,   0.00,   0.00,   0.03, 	0.20, 0.20, 0.20, 0.20, 	0,	0, 0, 0.66,0.78, 0.00,0.00, 1.02
0,0,0,0,8,8,8,8,-2.41, -2.46, -1.30, -1.02, 	  0.02,   0.00,   0.00,   0.00, 	0.20, 0.20, 0.20, 0.20, 	0,	0, 0, 0.66,0.78, 0.00,0.00, 1.02
0,0,0,0,8,8,8,8,-2.41, -2.46, -1.30, -1.02, 	 -4.52,  -4.35,   2.91,  -4.30, 	-35.84, -28.91, 32.75, -2.39, 	0,	0, 0, 0.66,0.78, 0.43,0.90, 0.26
0,0,0,0,8,8,8,8,-2.50, -2.55, -1.24, -1.09, 	-35.49, -35.17,  23.18, -11.12, 	-22.90, -27.23, 9.55, 11.57, 	0,	0, 0, 0.61,0.90, 0.43,0.90, 0.18
0,0,0,0,8,8,8,8,-2.69, -2.74, -1.13, -1.07, 	-49.48, -48.81,  21.93,  12.51, 	3.67, -5.09, -12.86, 12.76, 	0,	0, 0, 0.44,0.98, 0.43,0.90, 0.08
0,0,0,0,8,8,8,8,-2.88, -2.91, -1.13, -1.01, 	-45.75, -37.87, -16.13,  17.59, 	31.10, 27.25, -23.44, 0.27, 	0,	0, 0, 0.24,0.98, 0.43,0.90, 0.21
0,0,200,0,8,8,1,8,-3.05, -2.98, -1.26, -0.96, 	-42.04,   4.62, -47.20,  -7.71, 	38.16, 39.81, -20.51, -9.12, 	0,	0, 0, 0.05,0.96, 0.43,0.90, 0.38
0,0,200,0,8,8,1,8,-3.21, -2.96, -1.45, -1.05, 	-38.50,   4.70, -47.81, -37.84, 	41.83, 33.90, -35.43, 3.98, 	0,	0, 0, -0.09,1.05, 0.43,0.90, 0.54
0,0,200,0,8,8,1,8,-3.36, -2.94, -1.64, -1.17, 	-35.28,   3.62, -44.22, -15.56, 	45.77, 27.55, -51.48, 18.05, 	0,	0, 0, -0.21,1.15, 0.43,0.90, 0.69
0,0,200,0,8,8,1,8,-3.49, -2.93, -1.81, -1.16, 	-32.17,   2.75, -40.56,  16.77, 	43.78, 30.76, -43.34, 10.91, 	0,	0, 0, -0.37,1.10, 0.43,0.90, 0.82
0,0,200,0,8,8,1,8,-3.61, -2.92, -1.96, -1.03, 	-29.40,   1.83, -37.73,  36.64, 	34.43, 45.83, -5.30, -22.46, 	0,	0, 0, -0.57,0.87, 0.43,0.90, 0.99
0,0,200,0,8,8,1,8,-3.72, -2.92, -2.13, -0.98, 	-26.79,   0.78, -40.95,  -5.10, 	26.14, 59.19, 28.42, -52.05, 	0,	0, 0, -0.73,0.65, 0.43,0.90, 1.18
0,0,200,0,8,8,1,8,-3.82, -2.91, -2.29, -1.06, 	-24.06,  -0.27, -40.80, -35.54, 	26.75, 58.20, 25.93, -49.86, 	0,	0, 0, -0.83,0.67, 0.43,0.90, 1.27
200,200,200,0,1,1,1,8,-3.92, -2.91, -2.45, -1.25, 	-21.53,   1.98, -37.51, -50.38, 	35.84, 43.56, -11.04, -17.42, 	0,	0, 0, -0.87,0.90, 0.43,0.90, 1.30
200,200,200,0,1,1,1,8,-4.00, -2.90, -2.59, -1.45, 	-19.03,   3.25, -34.68, -47.39, 	45.70, 27.65, -51.25, 17.86, 	0,	0, 0, -0.89,1.14, 0.43,0.90, 1.34
200,200,200,0,1,1,1,8,-4.07, -2.89, -2.72, -1.63, 	-17.03,   2.33, -31.63, -44.71, 	46.33, 26.61, -53.93, 20.21, 	0,	0, 0, -0.89,1.37, 0.43,0.90, 1.40
200,200,200,200,1,1,1,1,-4.13, -2.88, -2.84, -1.80, 	-15.17,   1.39, -28.46, -42.43, 	46.36, 26.57, -54.05, 20.32, 	0,	0, 0, -0.88,1.58, 0.43,0.90, 1.47
200,200,200,200,1,1,1,1,-4.19, -2.88, -2.95, -1.97, 	-12.85,   0.35, -25.94, -39.64, 	46.36, 26.57, -54.05, 20.32, 	0,	0, 0, -0.85,1.77, 0.43,0.90, 1.55
200,200,200,200,1,1,1,1,-4.22, -2.88, -3.02, -2.08, 	  0.20,   0.46, -13.82, -11.76, 	46.36, 26.57, -54.05, 20.32, 	0,	0, 0, -0.83,1.91, 0.43,0.90, 1.61
200,200,200,200,1,1,1,1,-4.19, -2.88, -3.07, -2.06, 	 11.47,  -0.02,  -9.14,   8.35, 	46.18, 26.87, -53.26, 19.62, 	0,	0, 0, -0.79,1.90, 0.43,0.90, 1.58
200,200,200,200,1,1,1,1,-4.14, -2.88, -3.10, -2.03, 	 13.17,  -0.03,  -4.81,   7.97, 	45.54, 27.27, -51.39, 18.16, 	0,	0, 0, -0.74,1.89, 0.43,0.90, 1.53
200,200,200,200,1,1,1,1,-4.09, -2.88, -3.11, -2.00, 	 11.76,   0.00,  -3.49,   6.79, 	44.64, 26.66, -50.27, 17.76, 	0,	0, 0, -0.69,1.87, 0.43,0.90, 1.49
200,200,200,200,1,1,1,1,-4.05, -2.88, -3.12, -1.97, 	 10.21,  -0.12,  -2.38,   5.71, 	44.21, 26.13, -50.07, 17.93, 	0,	0, 0, -0.65,1.86, 0.43,0.90, 1.45
ESTOPPED
ESTOPPED
ESTOPPED
ESTOPPED
ESTOPPED
ESTOPPED
ESTOPPED
ESTOPPED
