0,0,0,0,8,8,8,8,-2.49, -2.46, -1.25, -1.06, 	  0.03,   0.00,   0.00,   0.00, 	0.20, 0.20, 0.20, 0.20, 	0,	0, 0, 0.61,0.87, 0.43,0.90, 0.19
0,0,0,0,8,8,8,8,-2.49, -2.46, -1.25, -1.06, 	  0.00,   0.03,  -0.02,   0.00, 	0.20, 0.20, 0.20, 0.20, 	0,	0, 0, 0.61,0.87, 0.43,0.90, 0.19
0,0,0,0,8,8,8,8,-2.49, -2.46, -1.25, -1.06, 	  0.00,   0.00,   0.00,   0.00, 	0.20, 0.20, 0.20, 0.20, 	0,	0, 0, 0.61,0.87, 0.43,0.90, 0.19
0,0,0,0,8,8,8,8,-2.49, -2.46, -1.25, -1.06, 	  0.00,   0.00,   0.00,   0.00, 	0.20, 0.20, 0.20, 0.20, 	0,	0, 0, 0.61,0.87, 0.43,0.90, 0.19
0,0,0,0,8,8,8,8,-2.49, -2.46, -1.25, -1.06, 	 -0.05,   0.00,   0.00,   0.03, 	0.20, 0.20, 0.20, 0.20, 	0,	0, 0, 0.61,0.87, 0.43,0.90, 0.19
0,0,0,0,8,8,8,8,-2.49, -2.46, -1.25, -1.06, 	 -0.02,   0.00,   0.00,   0.02, 	0.20, 0.20, 0.20, 0.20, 	0,	0, 0, 0.61,0.87, 0.43,0.90, 0.19
0,0,0,0,8,8,8,8,-2.49, -2.46, -1.25, -1.06, 	 -0.02,  -0.02,   0.00,   0.00, 	0.20, 0.20, 0.20, 0.20, 	0,	0, 0, 0.61,0.87, 0.43,0.90, 0.19
0,0,0,0,8,8,8,8,-2.49, -2.46, -1.25, -1.06, 	  0.00,   0.00,   0.00,  -0.02, 	0.20, 0.20, 0.20, 0.20, 	0,	0, 0, 0.61,0.87, 0.43,0.90, 0.19
0,0,0,0,8,8,8,8,-2.49, -2.46, -1.25, -1.06, 	  0.02,   0.00,   0.00,   0.05, 	0.20, 0.20, 0.20, 0.20, 	0,	0, 0, 0.61,0.87, 0.43,0.90, 0.19
0,0,0,0,8,8,8,8,-2.49, -2.46, -1.25, -1.06, 	 -0.02,   0.02,   0.00,   0.00, 	0.20, 0.20, 0.20, 0.20, 	0,	0, 0, 0.61,0.87, 0.43,0.90, 0.19
0,0,0,0,8,8,8,8,-2.49, -2.46, -1.25, -1.06, 	 -0.05,   0.00,   0.00,   0.00, 	0.20, 0.20, 0.20, 0.20, 	0,	0, 0, 0.61,0.87, 0.43,0.90, 0.19
0,0,0,0,8,8,8,8,-2.49, -2.46, -1.25, -1.06, 	 -0.02,   0.00,   0.03,   0.00, 	0.20, 0.20, 0.20, 0.20, 	0,	0, 0, 0.61,0.87, 0.43,0.90, 0.19
0,0,0,0,8,8,8,8,-2.49, -2.46, -1.25, -1.06, 	  0.02,   0.02,   0.00,   0.02, 	0.20, 0.20, 0.20, 0.20, 	0,	0, 0, 0.61,0.87, 0.43,0.90, 0.19
0,0,0,0,8,8,8,8,-2.49, -2.46, -1.25, -1.06, 	  0.00,   0.00,   0.00,   0.00, 	0.20, 0.20, 0.20, 0.20, 	0,	0, 0, 0.61,0.87, 0.43,0.90, 0.19
0,0,0,0,8,8,8,8,-2.49, -2.46, -1.25, -1.06, 	  0.00,   0.05,   0.00,   0.00, 	0.20, 0.20, 0.20, 0.20, 	0,	0, 0, 0.61,0.87, 0.43,0.90, 0.19
0,0,0,0,8,8,8,8,-2.49, -2.46, -1.25, -1.06, 	  0.02,   0.00,   0.00,   0.00, 	0.20, 0.20, 0.20, 0.20, 	0,	0, 0, 0.61,0.87, 0.43,0.90, 0.19
0,0,0,0,8,8,8,8,-2.49, -2.46, -1.25, -1.06, 	  0.00,  -0.03,   0.00,  -0.03, 	0.20, 0.20, 0.20, 0.20, 	0,	0, 0, 0.61,0.87, 0.43,0.90, 0.19
0,0,0,0,8,8,8,8,-2.49, -2.46, -1.25, -1.06, 	  0.00,   0.00,   0.00,   0.00, 	0.20, 0.20, 0.20, 0.20, 	0,	0, 0, 0.61,0.87, 0.43,0.90, 0.19
0,0,0,0,8,8,8,8,-2.49, -2.46, -1.25, -1.06, 	 -0.05,   0.00,   0.00,   0.00, 	0.20, 0.20, 0.20, 0.20, 	0,	0, 0, 0.61,0.87, 0.43,0.90, 0.19
0,0,0,0,8,8,8,8,-2.49, -2.46, -1.25, -1.06, 	  0.00,   0.00,   0.00,   0.05, 	0.20, 0.20, 0.20, 0.20, 	0,	0, 0, 0.61,0.87, 0.43,0.90, 0.19
0,0,0,0,8,8,8,8,-2.49, -2.46, -1.25, -1.06, 	  0.00,   0.00,   0.02,   0.00, 	0.20, 0.20, 0.20, 0.20, 	0,	0, 0, 0.61,0.87, 0.43,0.90, 0.19
0,0,0,0,8,8,8,8,-2.49, -2.46, -1.25, -1.06, 	  0.03,   0.00,   0.00,   0.00, 	0.20, 0.20, 0.20, 0.20, 	0,	0, 0, 0.61,0.87, 0.43,0.90, 0.19
0,0,0,0,8,8,8,8,-2.49, -2.46, -1.24, -1.06, 	 -4.47,  -4.35,   3.08,   3.27, 	-25.52, -26.06, 16.47, 6.35, 	0,	0, 0, 0.61,0.87, 0.43,0.90, 0.18
0,0,0,0,8,8,8,8,-2.58, -2.55, -1.20, -1.02, 	-36.62, -35.20,  15.21,  16.37, 	-11.66, -10.56, 9.76, 1.49, 	0,	0, 0, 0.52,0.88, 0.43,0.90, 0.10
0,0,0,0,8,8,8,8,-2.77, -2.74, -1.12, -0.96, 	-50.57, -50.66,  24.11,   0.32, 	16.10, 18.55, -5.79, -5.87, 	0,	0, 0, 0.32,0.90, 0.43,0.90, 0.10
0,0,0,0,8,8,8,8,-2.98, -2.94, -1.10, -1.03, 	-52.31, -48.13, -11.02, -30.98, 	41.28, 34.75, -33.39, 2.19, 	0,	0, 0, 0.14,1.02, 0.43,0.90, 0.31
0,0,0,0,8,8,8,8,-3.18, -3.12, -1.21, -1.14, 	-48.51, -44.75, -42.16, -15.59, 	46.03, 27.11, -52.65, 19.08, 	0,	0, 0, -0.03,1.14, 0.43,0.90, 0.52
0,0,0,0,8,8,8,8,-3.37, -3.29, -1.41, -1.14, 	-44.94, -41.47, -48.10,  16.36, 	44.16, 30.14, -44.92, 12.29, 	0,	0, 0, -0.24,1.11, 0.43,0.90, 0.70
0,0,0,0,8,8,8,8,-3.54, -3.45, -1.59, -1.01, 	-41.61, -38.09, -41.75,  38.41, 	35.20, 44.59, -8.44, -19.71, 	0,	0, 0, -0.49,0.88, 0.43,0.90, 0.91
200,200,0,0,1,1,8,8,-3.70, -3.59, -1.71, -0.95, 	-37.78, -34.85, -25.91,  -4.96, 	25.88, 59.61, 29.49, -52.99, 	0,	0, 0, -0.70,0.65, 0.43,0.90, 1.15
200,200,0,0,1,1,8,8,-3.84, -3.73, -1.79, -1.04, 	-34.62, -32.03, -13.05, -35.39, 	25.88, 59.61, 29.49, -52.99, 	0,	0, 0, -0.86,0.59, 0.43,0.90, 1.32
ESTOPPED
ESTOPPED
ESTOPPED
ESTOPPED
