0,0,0,0,8,8,8,8,-2.69, -2.66, -1.15, -0.99, 	  0.03,  -0.05,   0.00,   0.00, 	0.10, 0.10, 0.20, 0.20, 	0,	0, 0, 0.40,0.90, 0.00,0.00, 0.99
0,0,0,0,8,8,8,8,-2.69, -2.66, -1.15, -0.99, 	 -0.02,   0.00,   0.00,   0.00, 	0.10, 0.10, 0.20, 0.20, 	0,	0, 0, 0.40,0.90, 0.00,0.00, 0.99
0,0,0,0,8,8,8,8,-2.69, -2.66, -1.15, -0.99, 	  0.05,   0.00,   0.00,   0.00, 	0.10, 0.10, 0.20, 0.20, 	0,	0, 0, 0.40,0.90, 0.00,0.00, 0.99
0,0,0,0,8,8,8,8,-2.69, -2.66, -1.15, -0.99, 	  0.00,   0.00,   0.00,   0.00, 	0.10, 0.10, 0.20, 0.20, 	0,	0, 0, 0.40,0.90, 0.00,0.00, 0.99
0,0,0,0,8,8,8,8,-2.69, -2.66, -1.15, -0.99, 	 -0.03,   0.00,   0.00,   0.00, 	0.10, 0.10, 0.20, 0.20, 	0,	0, 0, 0.40,0.90, 0.00,0.00, 0.99
0,0,0,0,8,8,8,8,-2.69, -2.66, -1.15, -0.99, 	  0.02,   0.02,   0.00,   0.00, 	0.10, 0.10, 0.20, 0.20, 	0,	0, 0, 0.40,0.90, 0.00,0.00, 0.99
0,0,0,0,8,8,8,8,-2.69, -2.66, -1.15, -0.99, 	  0.00,   0.00,   0.00,  -0.02, 	0.10, 0.10, 0.20, 0.20, 	0,	0, 0, 0.40,0.90, 0.00,0.00, 0.99
0,0,0,0,8,8,8,8,-2.69, -2.66, -1.15, -0.99, 	  0.00,   0.00,   0.00,   0.05, 	0.10, 0.10, 0.20, 0.20, 	0,	0, 0, 0.40,0.90, 0.00,0.00, 0.99
0,0,0,0,8,8,8,8,-2.69, -2.66, -1.15, -0.99, 	 -0.02,   0.00,   0.00,   0.00, 	0.10, 0.10, 0.20, 0.20, 	0,	0, 0, 0.40,0.90, 0.00,0.00, 0.99
0,0,0,0,8,8,8,8,-2.69, -2.66, -1.15, -0.99, 	  0.00,   0.00,   0.00,  -0.03, 	0.10, 0.10, 0.20, 0.20, 	0,	0, 0, 0.40,0.90, 0.00,0.00, 0.99
0,0,0,0,8,8,8,8,-2.69, -2.66, -1.15, -0.99, 	  0.05,  -0.05,   0.00,   0.02, 	0.10, 0.10, 0.20, 0.20, 	0,	0, 0, 0.40,0.90, 0.00,0.00, 0.99
0,0,0,0,8,8,8,8,-2.69, -2.65, -1.16, -1.00, 	  8.97,   8.59,  -5.22,  -8.73, 	1.50, 1.50, -0.48, 0.26, 	0,	0, 0, 0.41,0.91, 0.43,0.90, 0.02
0,0,0,0,8,8,8,8,-2.62, -2.60, -1.20, -1.03, 	 11.90,   5.65,  -9.70,   4.71, 	-1.50, -1.50, 1.50, 1.50, 	0,	0, 0, 0.48,0.91, 0.43,0.90, 0.06
0,0,0,0,8,8,8,8,-2.64, -2.64, -1.20, -0.99, 	-20.92, -25.82,   2.24,   0.40, 	-1.50, -0.86, 1.50, -1.50, 	0,	0, 0, 0.45,0.88, 0.43,0.90, 0.03
0,0,0,0,8,8,8,8,-2.76, -2.77, -1.15, -1.05, 	-23.42, -20.17,   6.68, -17.62, 	1.50, 1.50, -1.50, 1.50, 	0,	0, 0, 0.36,0.98, 0.43,0.90, 0.11
0,0,0,0,8,8,8,8,-2.80, -2.78, -1.20, -1.05, 	  3.91,   5.75, -24.92,  14.91, 	1.50, 1.50, -1.50, 1.50, 	0,	0, 0, 0.33,0.99, 0.43,0.90, 0.14
0,0,0,0,8,8,8,8,-2.71, -2.72, -1.36, -0.93, 	 35.10,  29.50, -50.78,  30.06, 	1.50, 1.50, 1.50, -1.50, 	0,	0, 0, 0.36,0.86, 0.43,0.90, 0.07
0,0,0,0,8,8,8,8,-2.53, -2.58, -1.55, -0.92, 	 49.15,  37.16, -46.68, -18.97, 	-1.50, -1.50, 1.50, -1.50, 	0,	0, 0, 0.53,0.76, 0.43,0.90, 0.17
0,0,0,0,8,8,8,8,-2.34, -2.49, -1.73, -1.06, 	 45.49,   7.16, -42.65, -49.21, 	-1.50, -1.50, 1.50, -1.50, 	0,	0, 0, 0.73,0.77, 0.43,0.90, 0.33
0,0,0,0,8,8,8,8,-2.17, -2.53, -1.90, -1.26, 	 41.50, -24.67, -39.72, -48.68, 	-1.50, -1.50, 1.50, 1.50, 	0,	0, 0, 0.94,0.84, 0.43,0.90, 0.52
0,0,0,0,8,8,8,8,-2.01, -2.69, -2.07, -1.45, 	 38.04, -50.90, -47.62, -46.36, 	-1.50, -1.50, 1.50, 1.50, 	0,	0, 0, 1.14,0.90, 0.43,0.90, 0.72
200,200,0,0,1,1,8,8,-1.86, -2.89, -2.25, -1.63, 	 35.37, -47.24, -44.11, -43.37, 	-1.50, -1.50, 1.50, 1.50, 	0,	0, 0, 1.33,0.94, 0.43,0.90, 0.91
200,200,0,0,1,1,8,8,-1.73, -3.04, -2.42, -1.80, 	 31.98, -24.84, -40.92, -40.99, 	-1.50, -1.50, 1.50, 1.50, 	0,	0, 0, 1.51,0.97, 0.43,0.90, 1.09
200,200,0,0,1,1,8,8,-1.61, -3.13, -2.58, -1.96, 	 29.17, -18.26, -37.66, -38.31, 	-1.50, -1.50, 1.43, 1.50, 	0,	0, 0, 1.68,1.00, 0.43,0.90, 1.26
200,200,0,0,1,1,8,8,-1.50, -3.19, -2.72, -2.10, 	 26.12, -15.43, -34.71, -36.09, 	-1.50, -1.50, -1.50, 1.50, 	0,	0, 0, 1.84,1.02, 0.43,0.90, 1.42
200,200,200,200,1,1,1,1,-1.40, -3.25, -2.85, -2.25, 	 23.68, -13.69, -32.30, -35.42, 	-1.50, -1.50, -1.50, 1.50, 	0,	0, 0, 2.00,1.03, 0.43,0.90, 1.58
200,200,200,200,1,1,1,1,-1.31, -3.30, -2.99, -2.38, 	 21.19, -11.92, -34.24, -32.93, 	-1.50, -1.50, -1.50, 1.50, 	0,	0, 0, 2.14,1.04, 0.43,0.90, 1.72
200,200,200,200,1,1,1,1,-1.23, -3.34, -3.12, -2.51, 	 19.00, -10.03, -31.42, -30.64, 	-1.50, -1.50, -1.50, 1.50, 	0,	0, 0, 2.28,1.04, 0.43,0.90, 1.86
200,200,200,200,1,1,1,1,-1.16, -3.37, -3.24, -2.63, 	 17.03,  -3.59, -28.44, -28.64, 	-1.50, -1.50, -1.50, 1.50, 	0,	0, 0, 2.42,1.03, 0.43,0.90, 1.99
200,200,200,200,1,1,1,1,-1.10, -3.38, -3.35, -2.74, 	 14.92,  -2.29, -26.41, -26.92, 	-1.50, -1.50, -1.50, 1.50, 	0,	0, 0, 2.54,1.02, 0.43,0.90, 2.12
200,200,200,200,1,1,1,1,-1.04, -3.39, -3.45, -2.84, 	 12.88,   1.27, -25.45, -25.27, 	-1.50, -1.50, 0.95, 1.50, 	0,	0, 0, 2.66,1.00, 0.43,0.90, 2.23
200,200,200,200,1,1,1,1,-0.99, -3.38, -3.55, -2.94, 	 10.96,   0.44, -23.03, -23.77, 	-1.50, -1.50, 1.50, 1.50, 	0,	0, 0, 2.77,0.98, 0.43,0.90, 2.35
200,200,200,200,1,1,1,1,-0.95, -3.37, -3.64, -3.03, 	  9.45,   3.13, -20.55, -21.99, 	-1.50, -1.50, 1.50, 1.50, 	0,	0, 0, 2.88,0.95, 0.43,0.90, 2.45
200,200,200,200,1,1,1,1,-0.92, -3.36, -3.71, -3.11, 	  7.98,   4.03, -18.40, -20.48, 	-1.50, -1.50, 1.50, 1.50, 	0,	0, 0, 2.98,0.92, 0.43,0.90, 2.55
200,200,200,200,1,1,1,1,-0.89, -3.34, -3.78, -3.19, 	  6.58,   3.65, -16.43, -18.63, 	-1.50, -1.50, 1.50, 1.50, 	0,	0, 0, 3.07,0.88, 0.43,0.90, 2.64
200,200,200,200,1,1,1,1,-0.87, -3.33, -3.85, -3.26, 	  5.05,   3.10, -14.60, -17.12, 	-1.50, -1.50, 1.50, 1.50, 	0,	0, 0, 3.15,0.84, 0.43,0.90, 2.73
200,200,200,200,1,1,1,1,-0.85, -3.32, -3.90, -3.33, 	  3.95,   3.36, -12.80, -15.03, 	-1.50, -1.50, 1.50, 0.76, 	0,	0, 0, 3.23,0.80, 0.43,0.90, 2.81
200,200,200,200,1,1,1,1,-0.84, -3.30, -3.95, -3.38, 	  2.78,   3.40, -11.09, -11.34, 	-1.50, -1.50, 1.50, -1.50, 	0,	0, 0, 3.30,0.76, 0.43,0.90, 2.87
200,200,200,200,1,1,1,1,-0.83, -3.29, -3.99, -3.42, 	  1.86,   4.30,  -9.46,  -9.75, 	-1.50, -1.50, 1.50, -1.50, 	0,	0, 0, 3.35,0.72, 0.43,0.90, 2.93
ESTOPPED
ESTOPPED
ESTOPPED
ESTOPPED
ESTOPPED
ESTOPPED
ESTOPPED
ESTOPPED
